Log file started on 01/01/13 at 06:03:09
768 0 1024 0
16 200 216 0
296 517 533 280
768 0 1024 0
16 200 216 0
296 517 533 280
768 0 1024 0
16 200 216 0
296 517 533 280
768 0 1024 0
16 200 216 0
296 517 533 280
768 0 1024 0
16 200 216 0
296 517 533 280
768 0 1024 0
16 200 216 0
296 517 533 280
768 0 1024 0
16 200 216 0
296 517 533 280
768 0 1024 0
16 200 216 0
296 517 533 280
768 0 1024 0
16 200 216 0
296 517 533 280
768 0 1024 0
16 200 216 0
296 517 533 280
768 0 1024 0
16 200 216 0
296 517 533 280
768 0 1024 0
16 200 216 0
296 517 533 280
768 0 1024 0
16 200 216 0
296 517 533 280
768 0 1024 0
16 200 216 0
296 517 533 280
768 0 1024 0
16 200 216 0
296 517 533 280
768 0 1024 0
16 200 216 0
296 517 533 280
768 0 1024 0
16 200 216 0
296 517 533 280
768 0 1024 0
16 200 216 0
296 517 533 280
768 0 1024 0
16 200 216 0
296 517 533 280
768 0 1024 0
16 200 216 0
296 517 533 280
768 0 1024 0
16 200 216 0
296 517 533 280
768 0 1024 0
16 200 216 0
296 517 533 280
768 0 1024 0
16 200 216 0
296 517 533 280
768 0 1024 0
16 200 216 0
296 517 533 280
768 0 1024 0
16 200 216 0
296 517 533 280
768 0 1024 0
16 200 216 0
296 517 533 280
768 0 1024 0
16 200 216 0
296 517 533 280
768 0 1024 0
16 200 216 0
296 517 533 280
768 0 1024 0
16 200 216 0
296 517 533 280
768 0 1024 0
16 200 216 0
296 517 533 280
768 0 1024 0
16 200 216 0
296 517 533 280
768 0 1024 0
16 200 216 0
296 517 533 280
768 0 1024 0
16 200 216 0
296 517 533 280
768 0 1024 0
16 200 216 0
296 517 533 280
768 0 1024 0
16 200 216 0
296 517 533 280
768 0 1024 0
16 200 216 0
296 517 533 280
